1 -69 0 0 0 50 0 0 3 1 1 25 25 25 25
2 -69 33 90.4964 53.625 36.6442 -3.09736 -25.3461 3 1 1 25 25 25 25
3 -88 33 90.4964 53.625 36.6442 -3.09736 -25.3461 3 1 1 25 25 25 25
4 -88 57 425.967 92.625 34.7786 -11.7083 -126.016 3 1 1 25 25 25 25
5 -88 75 677.571 121.875 41.5737 -13.4203 -201.518 3 1 1 25 25 25 25
6 -88 93 929.174 151.125 44.9324 -7.27028 -277.02 3 1 1 25 25 25 25
7 -88 116 1250.67 188.5 37.7444 -2.66371 -373.496 3 1 1 25 25 25 25
8 -88 146 1670 237.25 35.7125 -12.6499 -499.333 3 1 1 25 25 25 25
9 -88 164 1921.61 266.5 42.7191 -12.7519 -574.835 3 1 1 25 25 25 25
10 -88 183 2187.19 297.375 44.3984 -5.61291 -654.532 3 1 1 25 25 25 25
11 -88 201 2438.79 326.625 38.081 -2.58075 -730.035 3 1 1 25 25 25 25
12 -88 209 2550.62 339.625 35.1882 -4.17692 -763.591 3 1 1 25 25 25 25
13 -88 215 2634.48 349.375 33.876 -6.29735 -788.759 3 1 1 25 25 25 25
14 -88 223 2746.31 362.375 33.7383 -9.59846 -822.316 3 1 1 25 25 25 25
15 -88 233 2886.09 378.625 36.1091 -12.9394 -864.261 3 1 1 25 25 25 25
16 -88 240 2983.93 390 38.852 -13.8831 -893.623 3 1 1 25 25 25 25
17 -88 247 3081.78 401.375 41.7053 -13.3607 -922.986 3 1 1 25 25 25 25
18 -88 254 3179.63 412.75 43.936 -11.5064 -952.348 3 1 1 25 25 25 25
19 -88 257 3221.56 417.625 44.5497 -10.4125 -964.931 3 1 1 25 25 25 25
20 -88 264 3319.41 429 44.9694 -7.54224 -994.293 3 1 1 25 25 25 25
21 -88 273 3445.21 443.625 43.3907 -4.19284 -1032.04 3 1 1 25 25 25 25
22 -88 282 3571.01 458.25 40.0919 -2.51101 -1069.8 3 1 1 25 25 25 25
